17998345
20708142
21969036
5285295
18180206
16005090
5342058
18605777
4135811
4564862
18283877
5437087
21733328
16008123
5477122
20889296
21738544
20714713
4184955
14173766
18218103
23557973
11357295
5498092
12598075
6000665
5210439
22882694
23368943
18574318
17982928
9079364
15989261
15948330
22072057
20622902
18363034
18643610
21729348
17355885
22991789
23420973
21293580
18017277
17641931
18643617
23079785
21063512
8910851
2088328
8974997
22644334
22396622
18024976
8948473
18383694
22601854
19290653
16004720
3452062
4555258
1804708
18581908
11366866
14151677
18221517
24717995
550386
2343265
19348862
8888123
23524288
4451925
1805386
5536022
16000938
23308804
23570377
1805479
8902641
1805470
14717173
4113662
22175168
8040567
2254378
23607933
18398975
4121763
18099451
20638967
5687957
22165647
2345554
21008923
2186500
5339390
4042324
19135538
18042229
17369886
20706493
5699364
22800259
14906869
23595839
1801531
21803686
18107044
24114178
22360664
24716578
5641705
10652805
10652800
21043692
13884109
15125979
2551318
6608910
17170072
23503217
23136400
18472932
17212380
8672450
15913844
6117775
6413670
17685344
24600251
10016099
23564447
9812694
6191069
4233922
18315160
3482110
20626865
18545060
6608862
19662878
21942834
19662876
5314798
17571224
5678191
14175877
18026539
19233316
19494282
5462169
18172466
24794884
6191066
4453144
4453145
4453142
23683916
2315080
22509362
18226328
22676187
6010924
17224310
18500741
21319848
15727526
21658335
21235531
18070430
21669965
14908782
11385837
18640661
22459218
23094804
22399489
18814517
15968827
6165501
2413663
4445179
11378594
6269244
10333925
23061045
3571531
23942646
14718679
11364096
5452990
5264152
23727734
23420402
18690897
22821552
2511943
6165462
16168387
4450663
21725050
21133186
20962805
14850223
4450685
17208994
22795985
4450688
23684721
9977390
1805425
4546736
21293756
6293188
22670129
7994954
18971555
18235925
9928469
16003020
24305425
4061164
8401981
5397970
3170236
22180823
5275812
5265686
24510663
23096187
17708774
10020467
5209187
10331750
13733887
24034292
1805197
19124045
1805440
6447985
8964912
21921674
3543376
5520585
16984100
6086960
18460708
14325016
16587213
9938540
22838476
24293149
3682123
21342617
15866593
17943682
22795331
17639079
23133209
20692562
1805281
23122369
5372685
19430064
8963649
14985475
19213555
24716564
3982759
17789366
2345431
22895312
14874133
4174461
5375425
22568640
23479625
22080743
22895481
13873288
18669944
5532028
18667467
22516141
13685477
14194958
22306621
21597055
22179676
3943675
23039598
4620133
11367341
24706029
4452317
10653512
19662885
18545230
3982711
23759820
5573759
23893200
16046609
22405526
4453138
4445549
4445548
6451075
22739729
19490283
14178705
5163289
17854567
22597450
17713911
8854290
15909374
14684765
21180873
4444967
4453223
4453222
4453221
19040263
21755443
21925105
17153797
2345527
8938953
18393191
4690699
16795201
2327158
15118110
10352017
8434280
4715008
3905032
5863391
4064437
23020210
9966495
17536684
4719235
17883790
14718668
8049646
1804705
22900466
6381133
22076634
23616321
11578952
2877343
5639022
23494252
18309971
5126056
5398632
19324274
4443883
13708368
18048301
8966771
23608217
23462974
23541740
5922044
24113122
20751840
22396311
1803265
13737759
4553829
4557567
20623437
18329257
3631996
16814028
1802959
20795896
22604624
4450542
21644834
21315027
4447606
17656621
23230755
17971791
22160763
22425607
5299446
4515249
11359386
2511379
9932218
21362774
13912403
5617495
22989735
20766854
10664073
19116273
18233479
2327803
15120323
22569197
23310157
22914952
10645522
17221784
8050518
21335399
20713152
1810204
23980971
13901864
2210761
19247041
22877494
14325644
22586101
18543992
19631203
19416792
19213786
4447138
8674613
22304949
11363419
4452094
17399971
22602033
16959434
6027374
4697615
16990932
18285333
23649913
20990668
17763660
15724239
20889446
22162585
19318597
5216738
9322889
21282160
17694815
21972190
11358271
18205927
2098555
19662893
19662890
16983216
24081520
19662895
4663868
11378768
10332509
13920243
23406076
18395929
8401296
21963424
4178175
20908031
6042249
5195730
6042242
5230793
11367571
14893387
17888698
20732897
19205248
24370620
5302608
4453238
20837108
17629623
4453235
4453230
4453231
4453232
19485547
8826027
17198423
11371767
17854590
8836526
10022361
21309020
4690684
22674815
4690681
21988338
14118218
14118216
8954537
15912263
17852166
6140269
5867600
16822638
19220999
23228736
18269471
17800417
15906016
19153155
21179791
21966738
11364278
16832238
20911988
14723925
3571600
11374136
21109399
21629736
22827801
21364805
16002244
15926865
5330030
1803271
5515049
6243832
18244865
22008076
20826462
2190514
5148587
24426278
13737783
4450554
4130503
6905822
17614302
2088208
19838717
5629864
23649314
11365588
11363296
4974721
5294435
22798147
11365908
5674205
21308308
14721387
5870144
15988671
6452688
5281943
3360805
8041883
8041886
2369125
22650873
9949369
14117783
3034741
8675397
21930798
14724600
10652786
5574767
3429985
4114353
13789363
5475329
22798031
11365835
22974678
16980006
23223816
8864379
15956096
20728493
2075116
2858248
19111159
2345455
5439482
14741186
21137899
18008033
2345695
18513654
2641279
3268681
564482
23094161
19486143
2318860
21024569
6030100
4657083
8950325
16848565
19001625
19729065
13925566
22400207
21609232
23402236
11550476
4531245
14897761
18085279
23022835
22455390
5996054
6854865
19191454
18000549
11368258
24663040
20719175
23324158
2704432
17385433
19489239
21810357
15103468
4453205
4453207
4453206
22667996
19132558
19605904
6431999
5361096
21832042
4102699
8100918
15727798
23479561
22346050
18717048
3427591
19301876
14164495
18235372
2796970
18218369
14119551
22430369
23228700
11374058
14180268
22392016
5413471
9958911
15949170
3504811
23140090
10008846
22725052
22799977
13900583
19824747
5279587
22898971
19096926
18968560
4707816
14824811
21382132
18662989
7998098
5496958
23043462
19299615
17686530
6243821
550630
20967008
21036674
4451875
24271571
4450764
17790197
23875210
1805203
21237149
23618699
15091120
4121437
19188828
22950673
6385433
23314487
14119908
6160966
1814119
21787184
16305511
3571879
18072363
14118831
6210052
4447712
4447713
20635329
24349158
21385486
13922341
9761138
13847361
2929411
5645260
6199730
11362304
23433989
22133726
21714526
10328172
5990130
13815318
5154888
16012683
23402487
17498082
11366221
4234375
18051806
20788395
17863979
2345665
6156532
22941602
19595986
8049509
17735717
4442721
14168149
7680962
14186421
13921551
6178541
14878907
5337334
13808547
2530804
9955551
18428865
9030653
22788906
5461559
23307391
18152128
6846244
23515872
17665818
24861034
14889805
13907587
13846447
11379773
13792857
15726890
4453214
4453215
4453212
4453213
4050244
13789342
18074377
4453218
22307546
5408087
17780333
23617621
18310803
13707576
4656365
18679176
22005403
17224265
21907716
22382245
21225188
21668633
20792797
6129738
18089383
18682742
1805416
2406454
19316760
15122868
20837284
4730226
17210055
18814953
19418183
18543995
22431804
11379154
20654592
22032753
22917248
22908940
18201062
16050969
17146400
6100118
16007511
22046828
21570280
18282351
23421057
17708511
4544824
5248221
13930983
4504619
5664699
21665978
7685441
4450771
14170261
22914365
5374086
14694991
2409118
17787319
4451991
24025179
10835905
5738325
5491641
4231956
23191193
17321703
3211738
5148651
18537931
21720088
1805134
1805137
5202800
21046124
8482640
2733562
22814040
20809853
23308349
4656137
23402853
6243587
5294097
18229138
8116905
16966945
15966262
1811365
18224435
22913335
5270092
16798817
2858221
24072682
23673885
2463709
5238456
17889516
8725684
4740260
24318166
18616893
1805311
4673801
19135120
23129866
5284327
21836811
20950981
20946384
19775357
23128312
15873971
18283352
21639562
6620111
17541771
6608835
24790465
18269385
19584236
19625205
13752531
21663012
11358028
5285123
21780950
13741938
1810018
19459075
13863433
18275032
11372376
4664638
9386780
10343875
23367006
18765255
3460036
6185738
19243916
3316717
6156706
21110113
11378603
20896968
8285029
2559184
24093320
19344053
3694555
24068948
10332859
23366288
2088166
22441795
2324392
18394625
23715437
16822889
4450553
22764778
6019220
1801669
4444855
19132628
13877793
14173072
6100052
17611913
6100058
6016228
17292549
13765438
8076812
6028374
13733864
23555397
18490493
17987912
5452895
6180617
21399513
13753289
2374078
21834670
6100121
21942733
9929652
21385615
8401307
23683824
20904962
1802317
14718115
13879416
13841088
19592153
17166222
14739729
4450587
18451124
16798086
14119757
21604722
4714426
19263044
15732382
17176975
5396728
5491630
6161212
17622267
5715120
14726636
22398904
6160949
6133775
20624269
19589873
19281604
22789855
550148
4443895
4443894
4443896
4443891
4443892
6260359
5469235
1810576
17629070
22314336
2081164
17971358
18164659
22428292
22389008
11381780
11379495
11361500
21760852
17975504
8727853
8482381
21648826
14894461
6005611
13752530
14195810
18773374
3473215
23734203
22877166
11367396
7671192
22509872
3920038
2915746
5271919
9964213
17974271
3205084
5513188
6214620
22390693
21629303
17643372
1805302
23335513
4442709
21156161
4127601
19179556
4442704
13889024
3311125
17337156
23416783
13752529
23464968
21759762
4217836
4539778
13752526
21927726
24704736
17664361
18075779
9720227
4452106
13791658
23002141
18601963
19650390
4065886
11368469
1801780
14687807
24056966
21279646
23077175
24310405
8673741
2716876
23714289
18980812
9030880
19662907
19662909
21655706
23370329
17239254
6284188
23130395
23659203
18501551
2103484
18797265
6156604
21670345
15114874
1801678
4169055
11383978
8401104
2513698
22198742
20990326
11371810
19800253
6065666
11364239
4097045
15958353
19306394
5296359
11370631
2633692
15913446
18973640
21052374
19706510
21286298
23118728
15919434
6028098
17149416
17352287
19362636
21809527
6239468
19266823
17604479
16571253
19345923
6161041
11364940
18476182
6456453
9972260
18451137
22779849
18248911
6099958
2051812
13709646
6218548
19098214
11382738
5638679
8116103
22886900
5380119
6064823
17802679
21921984
24317013
20934132
24373745
5239508
11379951
15915080
2461414
5597552
4443888
9336816
3461272
23310122
9189843
4125292
18330113
8967186
17657639
13766014
19662913
13663635
21721151
5278331
5228220
18006150
21335107
14325091
23118477
8720989
2950183
10349885
5406947
11375299
22374672
2589037
5631837
4098430
18006058
9000895
6905993
14713956
6199698
19080512
14162270
6919711
4450724
21351283
4081561
2087764
19690562
11365574
14741214
6199671
6199670
16794608
5187972
8040025
18014503
8003501
15878056
1810147
5745082
18094534
9959745
20672223
21836872
23745941
6794346
11363208
7629406
4054033
23489354
6216060
6909071
14120031
17984044
21335278
13718970
8484723
13820585
2033185
22546474
8007056
19801930
4716685
22002728
4452048
4452044
4452042
17815529
1812097
5730774
17937470
4520309
5337279
4445695
17650318
17713974
14720410
19613163
5681024
6138428
21293261
5469030
4453242
5624109
15990645
11376090
18981553
13726686
5230471
23139366
16395446
18219107
6431951
2311114
14188535
18664142
22190907
3666787
12596259
6171171
8744260
14327042
14118572
6302812
16722881
21599010
3498850
14880871
18281706
21692814
19400323
11370609
22226611
19578432
22946270
21059689
21948028
17710662
2373706
8354387
8711701
17553388
21956305
22143475
20911718
4037803
6451831
21628785
17756130
18677149
1804147
17817144
19637384
17519684
11556589
11384650
8981259
11378072
1804816
19611267
17625832
6337925
1805143
1954420
14117971
6178550
8032820
22358231
19263662
19355687
21950789
3536509
3543079
13925842
18090730
21605272
4712993
22250105
18454577
24616577
15964733
2341618
18006048
6191071
23074364
11366885
20941397
6199680
21792008
19793258
9959170
5452178
5160379
10359536
16574037
5446565
15870704
24680825
15878048
2602951
13832758
11565008
18482522
2265448
19635659
19297914
22725838
16794703
21268399
23040222
23448740
2345530
22310698
15958200
5398901
13660825
14893456
18265722
23225930
17755665
6059049
4661955
2727490
11570808
4549133
18770329
22299446
23602938
22227818
4685260
17663786
1968592
3876724
11367682
18669934
15730297
2703967
6083001
2082472
21126913
21755632
21131749
2381428
5416061
5518061
1801693
9769834
17723733
19440822
5418167
17709629
17947493
22138963
6601782
19413386
5462187
8037940
18000202
6161110
22013323
4444791
18172595
2351695
14164085
17198118
5390057
23122694
5245195
23465069
16983702
4711185
21622878
13837580
18767739
8053111
2344141
22668397
5703631
8954599
1800493
16050971
19437022
6270255
11363264
21350130
14880855
5293302
3275641
4695393
4281637
23871813
14722329
8932795
23460728
15088786
11366408
14884713
23040792
17946706
9761057
23418593
5628556
23352292
1810543
17722926
17629001
5488873
13743747
17954021
17946380
23496698
13933642
24078548
13890133
17954245
22065103
23524160
22595109
18640820
18356806
3033874
18650782
6163737
6293619
24647254
2017555
4449695
15871970
3582313
9969367
23240808
18420007
17650794
11379843
6199657
13815233
8007324
1805359
20706577
5358298
19635721
1805194
22723145
13923046
18006143
23360855
23418377
18201973
5475345
5303837
13725787
18132727
5475348
11363001
14685701
17850196
4709924
9569474
18531327
18180671
14163855
20950921
7668914
10668655
22790078
22529743
6163345
8963420
8832988
9241168
8401228
11365415
9214587
11366187
20819847
23609957
15095709
4535278
8922493
3982738
6112844
6089715
20655600
21017123
6211138
22433564
1809679
19133139
22668366
17223948
21181760
18669740
22151984
20749829
4665053
20696974
4731410
24293502
22104913
5461894
23666956
5301300
9568835
3577315
14119867
18010397
19203687
5226401
18613400
8819999
17186279
22787827
6165480
14715102
23369500
3092284
22379102
11376109
15727374
2621452
8665755
23973712
12591444
5455662
5207845
8673892
23604286
6299341
18280907
6620120
17944900
13830900
18014762
3524965
11357278
18174190
23915583
6620125
19112456
14689350
18977995
16697801
6857993
24086380
18210038
23530940
18250046
23217352
22782954
4688241
14908852
17893245
21242767
21178376
2264527
24426371
5805524
22944277
23016132
18664537
5292095
8946610
21066073
23231512
5374656
22712317
17875701
4448084
1805509
5860609
14586554
13897724
11385349
1805500
6160856
2493787
13908320
4705309
3906481
23938076
17185966
17613501
2317459
14117607
2612512
18396162
24336032
24336031
24336030
18764688
22798137
5269112
21945495
21009454
23931435
3917398
11362366
3460933
23300158
8956504
6083391
11363015
3890323
19280178
22067016
24317238
5702916
22039593
15730342
2866300
24426452
8015072
18152145
4505774
19766640
21624187
6031639
5250733
3460063
18234000
23644688
23907681
21105340
17660916
24670339
3982720
3378436
22397386
5555266
19662943
19662942
19209418
13799535
22948595
2345755
2613565
9317316
17714044
17936881
14182851
15094739
21025447
21947397
19683637
2397250
7076027
18238177
19440802
23661602
21094679
22963151
13813017
18122464
18354292
23635068
1801435
18030366
11370277
19112841
3885736
16668133
21618628
18626721
15103907
19096140
19096147
22892396
5309846
17977737
18169991
9029032
15727365
19564748
17627012
5518644
21789993
20639602
5654476
12600808
19689992
24333892
17193232
6099913
15727381
21987204
5734004
23269413
3571594
3571591
5907365
14119527
22313732
21005509
5259777
8045585
21837295
19461526
14326433
1801666
22515120
14326342
4452407
19003785
18201157
21725528
17697369
22510743
22343263
23899065
17203354
24113534
18014621
17878188
2866882
22425937
5360998
13886976
4204288
19824821
1801189
18248060
19128671
10007803
23978269
19002093
18489163
14954940
20868900
11357881
24511578
18205418
4688635
18969863
20996307
5330504
22974360
6448807
23079536
3543046
21019260
1803790
22420491
11366852
5488925
8483447
8962558
16003066
17803600
21174712
18308940
19348859
2423674
5510865
19120073
1805401
11381005
18229024
20698596
1805407
2068612
22798120
6086257
5249919
4563317
24057934
6106928
23014471
21337440
13822323
8052127
18076615
23556445
23524310
5229537
17748323
18023336
5140984
4212482
24335444
1805269
23343837
17309261
4024735
11368638
11550417
17179289
3460051
17953767
13660613
17613066
4118298
19710113
17823410
24315460
21053857
5134784
2082826
16794462
16794461
18180780
21028496
17628184
15730576
18103488
21723790
16970747
14997171
19243881
22136494
19001535
13684375
11367819
22058337
5699100
5205297
18159783
18245825
2541466
17588053
22743941
21140142
1805410
1812103
19440811
17965741
19435164
3931186
15999569
17664464
4453176
4453175
5469787
19467401
8890612
8897478
24624904
19467404
22989473
18588988
14727104
6042231
19327245
22271105
5267083
3651181
14910174
18603223
2483236
3347311
18051865
21322020
5614169
19377948
4189471
18397825
23919056
8481973
1803484
17233587
18363340
2341873
14737098
8669068
24007581
22396282
8062036
21810394
5296151
13789803
13794903
17726561
1800595
550508
2345419
4599154
22055504
11549860
23673745
23306696
13808395
13737804
21930276
21987611
23293011
4886339
22392849
8062796
5279614
20686764
22271859
16979713
13711797
6070638
3536788
23402643
4451297
2105581
19677471
550650
9590960
19294553
22888125
4268551
6216942
9321744
19425414
13851501
2944459
18418269
3571681
20896997
16794675
14880644
2345377
14901909
21562714
22768145
1805419
14739543
21587755
22798110
14875400
17893538
22695236
10014584
23607913
21679319
18171385
18596984
18622470
4449796
9969554
17752983
24638548
8692133
18577941
15730361
5542620
19403746
3447253
5647436
23752677
22380809
23595499
5288728
19691805
9035326
21009011
22057431
16981893
21838678
21100545
1801525
2345407
6620053
14324295
5152036
6620055
9317331
18290107
2066368
6222724
9317339
15726946
14194924
21906352
569125
23089936
2490322
22800735
5282704
6178059
24021942
18534993
4442360
5461844
21286720
18240693
11379664
6065302
3935074
20845891
23449388
14156797
18688766
10021474
18972063
22194300
18472827
23943820
21336625
5462140
4442214
4442215
4442217
17818673
4449710
4442219
8372008
3310189
10999644
22734704
18970934
18065436
17204496
21986933
1801702
5306796
8052869
23118275
23486096
21354251
22805727
6883292
23669727
22678826
18617230
18140015
2837815
19765534
21608272
19810778
1800619
11375987
14119273
550400
6127348
19324535
2068378
8954572
16012938
8698846
6004766
5273949
17878167
5118813
21279493
16819998
9940494
21759787
5312963
5406613
8063094
5993500
24112681
9042034
20877234
22798920
22837203
11373512
23995177
22446161
5315844
6302981
2480329
19400221
18244825
2201188
9950714
4268540
13708539
18201353
18418277
15133145
19338397
24582745
22877841
8024541
20698284
22690096
23901786
22590867
22308826
18366109
14701698
16389344
2700073
21125382
24400245
20644871
4453219
18340800
3555187
13933384
17830227
3427576
3371563
5739474
5170061
22349076
8063623
3582226
5117057
6156491
18078084
16794207
1805266
1805260
22675375
23402568
4452028
22510885
4452023
21177934
6441491
22734950
16008640
23674216
21213379
22670177
18392509
5194299
14715707
18509261
24269585
23913912
8866521
2345413
15125509
2767684
5228423
14712580
2380615
22823378
17767085
11385040
6117811
2050864
9947671
4452101
21141830
18071570
6156674
22131836
5276395
18417527
5280716
18294211
16721606
22945206
19233329
14194623
4453150
6042212
23109880
23371196
6042219
4442220
18353410
22733346
4442227
3517933
20670171
22669101
21996832
18309170
6206464
6620083
22745212
6169341
8954814
20667004
